
 0.661971830986| 0.694444444444|0.5 
4.5  183.305149378 

 0.704225352113| 0.527777777778|            0.5
4.5 189.305149378

 0.633802816901| 0.472222222222|            0.5
4.5 2266.6132972

 0.584507042254| 0.666666666667|0.5 
4.5  2225.54123039 

 0.591549295775| 0.638888888889|            0.5
4.5 362.842272038

 0.584507042254| 0.666666666667|0.5 
4.5  354.978852893 

 0.605633802817| 0.583333333333|            0.5
4.5 166.841318808

 0.591549295775| 0.638888888889|0.5 
4.5  165.807750117 

 0.661971830986| 0.694444444444|  0.80889013646
6.80889013646 170.841307349

 0.669014084507| 0.666666666667|0.80889013646 
6.80889013646  171.379032502 

 0.647887323944|           0.75| 0.149567401408
5.14956740141 174.359671399

 0.654929577465| 0.722222222222|0.149567401408 
5.14956740141  175.624891648 

  0.62676056338|            0.5| 0.647325789903
4.6473257899 165.194563525

 0.612676056338| 0.555555555556|0.647325789903 
4.6473257899  164.448158613 

 0.647887323944|           0.75| 0.978805253496
4.9788052535 168.775062602

 0.654929577465| 0.722222222222|0.978805253496 
4.9788052535  169.930843478 

 0.598591549296| 0.611111111111| 0.772393901182
4.77239390118 163.034292251

 0.640845070423| 0.444444444444|0.772393901182 
4.77239390118  164.517845527 

 0.746478873239| 0.666666666667| 0.987456476715
4.98745647671 177.22119081

 0.753521126761| 0.638888888889|0.987456476715 
4.98745647671  178.699015756 

  0.62676056338| 0.833333333333| 0.802912855417
4.80291285542 163.246980231

 0.676056338028| 0.638888888889|0.802912855417 
4.80291285542  163.565803656 

 0.591549295775| 0.638888888889| 0.780675324685
4.78067532468 161.933650569

  0.62676056338|            0.5|0.780675324685 
4.78067532468  163.911937533 

 0.598591549296| 0.611111111111| 0.780940944513
4.78094094451 162.736024015

 0.577464788732| 0.694444444444|0.780940944513 
4.78094094451  163.636822042 

 0.584507042254| 0.666666666667| 0.777410877975
4.77741087798 162.629218717

 0.591549295775| 0.638888888889|0.777410877975 
4.77741087798  163.206412521 

  0.69014084507| 0.888888888889| 0.763290611825
4.76329061182 162.578783922

 0.718309859155| 0.777777777778|0.763290611825 
4.76329061182  162.948067111 

  0.62676056338|            0.5| 0.770843108025
4.77084310802 162.900117566

 0.598591549296| 0.611111111111|0.770843108025 
4.77084310802  162.644377712 

 0.711267605634| 0.805555555556| 0.764291346973
4.76429134697 162.800412603

 0.704225352113| 0.833333333333|0.764291346973 
4.76429134697  162.591522668 

 0.718309859155| 0.777777777778|  0.76333492069
4.76333492069 163.11110803

 0.725352112676|           0.75|0.76333492069 
4.76333492069  163.046849888 

 0.704225352113| 0.833333333333| 0.763290654543
4.76329065454 162.86722965

 0.753521126761| 0.638888888889|0.763290654543 
4.76329065454  163.378522427 

 0.725352112676|           0.75| 0.763290611825
4.76329061182 163.009246263

 0.760563380282| 0.611111111111|0.763290611825 
4.76329061182  163.605797377 

 0.746478873239| 0.666666666667| 0.763290611825
4.76329061182 163.441916879

 0.760563380282| 0.611111111111|0.763290611825 
4.76329061182  163.315142024 

 0.619718309859| 0.527777777778| 0.777410877975
4.77741087798 163.188110842

 0.612676056338| 0.555555555556| 0.779932555344
4.77993255534 162.970056549

 0.619718309859| 0.527777777778| 0.780727283936
4.78072728394 164.081882158

 0.584507042254| 0.666666666667| 0.780834114224
4.78083411422 164.160788469

 0.612676056338| 0.555555555556| 0.780887529369
4.78088752937 164.07330465

 0.591549295775| 0.638888888889| 0.780914236941
4.78091423694 162.948798117

 0.584507042254| 0.666666666667| 0.780927590727
4.78092759073 162.911688572

 0.605633802817| 0.583333333333|  0.78093426762
4.78093426762 162.773975001

 0.605633802817| 0.583333333333| 0.780937606066
4.78093760607 163.536260213

 0.577464788732| 0.694444444444|  0.78093927529
4.78093927529 162.366340469

 0.577464788732| 0.694444444444|0.78093927529 
4.78093927529  162.874419147 

 0.619718309859| 0.527777777778| 0.752122333506
4.75212233351 163.904625999

 0.584507042254| 0.666666666667|0.752122333506 
4.75212233351  162.811914729 

 0.584507042254| 0.666666666667| 0.779202157805
4.77920215781 163.125423129

 0.633802816901| 0.472222222222|0.779202157805 
4.77920215781  163.939304324 

 0.598591549296| 0.611111111111| 0.780922634149
4.78092263415 163.497687218

 0.605633802817| 0.583333333333|0.780922634149 
4.78092263415  163.282238137 

 0.605633802817| 0.583333333333| 0.780939155418
4.78093915542 162.520347112

 0.612676056338| 0.555555555556|0.780939155418 
4.78093915542  163.575005931 

 0.577464788732| 0.694444444444| 0.752122333506
4.75212233351 161.65832973

 0.612676056338| 0.555555555556|0.752122333506 
4.75212233351  162.547770838 

 0.605633802817| 0.583333333333| 0.749915027717
4.74991502772 163.915972514

 0.640845070423| 0.444444444444|0.749915027717 
4.74991502772  163.691086505 

 0.647887323944| 0.416666666667| 0.751941662933
4.75194166293 164.002678526

 0.570422535211| 0.722222222222|0.751941662933 
4.75194166293  162.425174235 

 0.640845070423| 0.444444444444| 0.752120888308
4.75212088831 164.112707122

 0.612676056338| 0.555555555556|0.752120888308 
4.75212088831  163.156877202 

 0.605633802817| 0.583333333333| 0.752122332379
4.75212233238 163.630157214

 0.598591549296| 0.611111111111|0.752122332379 
4.75212233238  162.883112319 

 0.591549295775| 0.638888888889| 0.749915027717
4.74991502772 160.305039522

  0.62676056338|            0.5|0.749915027717 
4.74991502772  164.546741749 

 0.619718309859| 0.527777777778| 0.740925181282
4.74092518128 160.276731279

 0.584507042254| 0.666666666667|0.740925181282 
4.74092518128  158.166974172 

 0.591549295775| 0.638888888889| 0.704965795541
4.70496579554 154.77876528

 0.612676056338| 0.555555555556|0.704965795541 
4.70496579554  155.674152772 

 0.591549295775| 0.638888888889| 0.715688496077
4.71568849608 189.887231931

 0.591549295775| 0.638888888889|0.715688496077 
4.71568849608  191.362627744 

 0.584507042254| 0.666666666667| 0.706036411628
4.70603641163 153.864682251

 0.591549295775| 0.638888888889|0.706036411628 
4.70603641163  154.051426686 

 0.605633802817| 0.583333333333| 0.798206236492
4.79820623649 164.978085847

 0.598591549296| 0.611111111111|0.798206236492 
4.79820623649  164.759511354 

 0.605633802817| 0.583333333333| 0.712217552328
4.71221755233 154.789239197

 0.647887323944| 0.416666666667|0.712217552328 
4.71221755233  156.507668844 

 0.605633802817| 0.583333333333| 0.706192303646
4.70619230365 154.94975927

 0.577464788732| 0.694444444444|0.706192303646 
4.70619230365  153.776283206 

 0.619718309859| 0.527777777778| 0.706036486144
4.70603648614 155.32447836

 0.605633802817| 0.583333333333|0.706036486144 
4.70603648614  154.319683055 

 0.598591549296| 0.611111111111| 0.706036417727
4.70603641773 154.86949584

 0.577464788732| 0.694444444444|0.706036417727 
4.70603641773  154.098842434 

 0.605633802817| 0.583333333333| 0.798206236492
4.79820623649 164.978085912

 0.591549295775| 0.638888888889|  0.75212132406
4.75212132406 155.799744133

 0.612676056338| 0.555555555556| 0.713479105356
4.71347910536 155.087372127

  0.62676056338|            0.5| 0.709757758492
4.70975775849 155.339638385

 0.598591549296| 0.611111111111|  0.70789708506
4.70789708506 154.025809371

 0.598591549296| 0.611111111111| 0.706483579999
4.70648358 154.755968576

 0.619718309859| 0.527777777778| 0.706259995813
4.70625999581 155.118201188

 0.584507042254| 0.666666666667| 0.706148203721
4.70614820372 154.071203718

 0.591549295775| 0.638888888889| 0.706092307674
4.70609230767 153.840107621

 0.605633802817| 0.583333333333|0.706092307674 
4.70609230767  154.319919541 

 0.591549295775| 0.638888888889| 0.706576647293
4.70657664729 154.347624387

 0.591549295775| 0.638888888889|0.706576647293 
4.70657664729  154.347644679 

 0.619718309859| 0.527777777778| 0.706099757543
4.70609975754 155.114833522

 0.633802816901| 0.472222222222|0.706099757543 
4.70609975754  155.594810361 

 0.591549295775| 0.638888888889| 0.706092311283
4.70609231128 154.155421746

 0.633802816901| 0.472222222222|0.706092311283 
4.70609231128  156.015295505 

 0.570422535211| 0.722222222222| 0.706576647293
4.70657664729 153.442472383

 0.612676056338| 0.555555555556|0.706576647293 
4.70657664729  154.573197163 

 0.619718309859| 0.527777777778| 0.703672412557
4.70367241256 154.993084544

 0.612676056338| 0.555555555556|0.703672412557 
4.70367241256  155.439213308 

 0.577464788732| 0.694444444444| 0.706355535404
4.7063555354 153.855234232

 0.570422535211| 0.722222222222|0.706355535404 
4.7063555354  153.673347054 

 0.591549295775| 0.638888888889| 0.706571540966
4.70657154097 153.893346718

 0.591549295775| 0.638888888889|0.706571540966 
4.70657154097  154.233977669 

  0.62676056338|            0.5| 0.706576644632
4.70657664463 155.516443821

 0.605633802817| 0.583333333333|0.706576644632 
4.70657664463  154.498009892 

 0.598591549296| 0.611111111111| 0.706576646261
4.70657664626 154.536086242

 0.612676056338| 0.555555555556|0.706576646261 
4.70657664626  155.026261417 

 0.577464788732| 0.694444444444| 0.703672412557
4.70367241256 154.655836029

 0.598591549296| 0.611111111111| 0.705998256958
4.70599825696 154.22760782

 0.612676056338| 0.555555555556| 0.706287452126
4.70628745213 154.625344076

  0.62676056338|            0.5| 0.706432049709
4.70643204971 155.629607653

 0.619718309859| 0.527777777778| 0.706504348501
4.7065043485 155.208674777

 0.591549295775| 0.638888888889| 0.706540497897
4.7065404979 154.462123159

 0.640845070423| 0.444444444444| 0.706558572595
4.7065585726 156.233973857

 0.598591549296| 0.611111111111| 0.706567609944
4.70656760994 154.535625557

 0.605633802817| 0.583333333333| 0.706572128619
4.70657212862 154.497147159

 0.591549295775| 0.638888888889| 0.706574387956
4.70657438796 154.460974958

  0.62676056338|            0.5| 0.706575517625
4.70657551762 155.176397773

 0.612676056338| 0.555555555556| 0.706576082459
4.70657608246 155.139534474
