    Train err  |   Test err  |   Alpha
 0.605633802817| 0.583333333333|0.00260234573645
 0.654929577465| 0.694444444444|0.0110564017125
 0.654929577465| 0.694444444444|0.0113751235203
 0.577464788732| 0.638888888889| 0.011240244536
 0.591549295775| 0.666666666667| 0.011309300704
  0.62676056338| 0.638888888889|  0.01140396764
 0.669014084507| 0.694444444444| 0.011717012488
 0.521126760563|            0.5| 0.012409485483
 0.507042253521| 0.444444444444| 0.013094862359
 0.464788732394| 0.444444444444|0.0147428651426
 0.246478873239| 0.166666666667|0.0208026436647
 0.232394366197| 0.138888888889|0.0218800796501
 0.197183098592| 0.111111111111|0.0230084584235
 0.183098591549| 0.111111111111| 0.023459131098
 0.176056338028| 0.111111111111|0.0237014554089
 0.161971830986| 0.111111111111|0.0235958305589
 0.147887323944|0.0833333333333|0.0229396561419
 0.147887323944|0.0833333333333| 0.020623888326
 0.140845070423|0.0833333333333|0.0147264464159
 0.133802816901|0.0833333333333|0.0137099886623
 0.140845070423|0.0833333333333|0.00346463943793
 0.133802816901|0.0833333333333|0.00183530675312
 0.119718309859|0.0833333333333|-0.00345600315968
 0.105633802817|0.0555555555556|-0.00273417167663
 0.112676056338|0.0555555555556|-0.00184892779218
 0.112676056338|0.0555555555556|-0.00177476237702
 0.105633802817|0.0555555555556|-0.00231123683892
 0.105633802817|0.0555555555556|-0.00344880271487
 0.112676056338|0.0555555555556|-0.0125327657635
 0.112676056338|0.0833333333333|-0.0312519359625
 0.112676056338|0.0833333333333|-0.0771582414261
0.0845070422535|0.0833333333333|-0.135157306674
 0.112676056338|0.0277777777778|-0.152344570091
0.0915492957746|0.0833333333333|-0.189281192544
0.0985915492958|0.0833333333333|-0.206346377367
0.0915492957746|0.0833333333333|-0.211731748383
0.0915492957746|0.0833333333333|-0.223682095313
0.0845070422535|0.0833333333333|-0.246073784528
0.0845070422535| 0.111111111111|-0.293390057615
0.0845070422535|0.0833333333333|-0.380053703244
0.0845070422535|0.0833333333333|-0.385007124092
0.0915492957746|0.0833333333333|-0.483817092883
0.0985915492958|0.0833333333333|-0.555867634505
0.0845070422535|0.0555555555556|-0.726986834219
0.0915492957746|0.0833333333333|-0.755174100405
0.0985915492958|0.0833333333333|-0.722650496327
0.0985915492958|0.0833333333333|-0.746370785383
0.0774647887324|0.0555555555556|-0.834780841358
0.0704225352113|0.0555555555556| -0.90005545958
0.0704225352113|0.0555555555556|-0.884240111484
0.0704225352113|0.0555555555556|-0.880031008355
0.0704225352113|0.0555555555556|-0.878537502003
0.0704225352113|0.0555555555556|-0.880557148384
0.0704225352113|0.0555555555556|-0.895916195398
0.0774647887324|0.0555555555556| -0.95319742378
0.0633802816901|0.0555555555556| -1.10487466861
0.0633802816901|0.0555555555556| -1.42255024029
 0.056338028169|0.0555555555556| -1.43818578783
0.0492957746479|0.0555555555556|  -1.8185863081
 0.056338028169|0.0833333333333| -2.05405045595
 0.056338028169|0.0555555555556| -2.09113739335
0.0492957746479|0.0555555555556| -2.06934521308
0.0492957746479|0.0555555555556| -2.06996189781
0.0492957746479|0.0555555555556|  -2.0889508494
 0.056338028169|0.0833333333333| -2.17016930163
0.0492957746479|0.0833333333333| -2.23104851791
0.0422535211268|0.0833333333333| -2.25156324856
0.0352112676056|0.0833333333333|  -2.3040049926
0.0352112676056|0.0833333333333| -2.31085394172
0.0352112676056|0.0833333333333| -2.34239398102
0.0422535211268|0.0833333333333| -2.41510294122
0.0422535211268|0.0833333333333| -2.47660037281
0.0422535211268|0.0833333333333|  -2.5958073304
0.0492957746479|0.0555555555556| -2.79790084716
0.0492957746479|0.0555555555556|  -2.7436496527
0.0492957746479|0.0555555555556| -2.68294767324
 0.056338028169|0.0555555555556| -2.66113469065
0.0492957746479|0.0555555555556| -2.74814714482
0.0492957746479|0.0555555555556| -2.74943066795
0.0492957746479|0.0555555555556| -2.77702047599
0.0492957746479|0.0555555555556| -2.80674040149
0.0422535211268|0.0555555555556|  -2.8086445082
0.0422535211268|0.0555555555556| -2.82124648228
0.0422535211268|0.0555555555556| -2.83027425485
0.0492957746479|0.0555555555556| -2.85859420522
0.0492957746479|0.0555555555556| -2.88965367906
0.0422535211268|0.0555555555556| -2.93040607651
0.0422535211268|0.0555555555556| -2.95195136149
0.0422535211268|0.0555555555556| -2.96785946688
0.0422535211268|0.0555555555556| -2.93166169563
0.0492957746479|0.0555555555556| -2.88839192322
0.0492957746479|0.0555555555556|  -2.8381403041
0.0492957746479|0.0555555555556| -2.83352338362
0.0492957746479|0.0555555555556| -2.82737669109
0.0422535211268|0.0555555555556| -2.81311900382
0.0422535211268|0.0555555555556| -2.80899393126
0.0422535211268|0.0555555555556|  -2.8065706347
0.0422535211268|0.0555555555556| -2.81141129928
0.0422535211268|0.0555555555556| -2.82701529299
0.0422535211268|0.0555555555556| -2.85969647386
0.0422535211268|0.0555555555556| -2.88474058599
0.0422535211268|0.0555555555556| -2.90984505216
0.0422535211268|0.0555555555556| -2.93260374535
0.0422535211268|0.0555555555556| -2.97854028194
0.0422535211268|0.0555555555556| -2.98636802436
0.0352112676056|0.0555555555556| -3.02784748356
0.0352112676056|0.0555555555556| -3.05084467191
0.0352112676056|0.0555555555556| -3.04252318735
0.0422535211268|0.0555555555556| -3.03030672118
0.0422535211268|0.0555555555556| -3.03938084298
0.0352112676056|0.0555555555556| -3.03723274639
0.0352112676056|0.0555555555556| -3.04114317124
0.0352112676056|0.0555555555556|  -3.0435828043
0.0352112676056|0.0277777777778| -3.04318675462
0.0422535211268|0.0555555555556| -3.03257238439
0.0352112676056|0.0555555555556| -3.00831035992
0.0422535211268|0.0555555555556| -2.99421940868
0.0422535211268|0.0555555555556| -2.99927664679
0.0352112676056|0.0555555555556| -2.99956605399
0.0352112676056|0.0555555555556| -3.00026406184
0.0352112676056|0.0555555555556| -3.00297028155
0.0352112676056|0.0555555555556| -3.01028440573
0.0352112676056|0.0555555555556| -3.02631500794
0.0422535211268|0.0555555555556|  -3.0587959486
0.0492957746479|0.0555555555556| -3.11013053179
0.0492957746479|0.0555555555556|  -3.1771537944
0.0492957746479|0.0555555555556| -3.17446114072
0.0492957746479|0.0555555555556| -3.16749560014
0.0492957746479|0.0555555555556| -3.16198997649
0.0492957746479|0.0555555555556| -3.16582202733
0.0492957746479|0.0555555555556| -3.16481443829
0.0492957746479|0.0555555555556| -3.15339585567
0.0492957746479|0.0555555555556| -3.14470839598
0.0492957746479|0.0555555555556| -3.12957494046
0.0492957746479|0.0555555555556| -3.14358347739
0.0492957746479|0.0555555555556|    -3.13647116
0.0492957746479|0.0555555555556|  -3.1389428597
0.0492957746479|0.0555555555556| -3.14959822602
0.0492957746479|0.0555555555556|  -3.1594911543
0.0492957746479|0.0555555555556| -3.16205812106
0.0492957746479|0.0555555555556|  -3.1621048383
0.0492957746479|0.0555555555556| -3.15099109851
0.0492957746479|0.0555555555556| -3.13920457023
0.0492957746479|0.0555555555556| -3.12846666111
0.0492957746479|0.0555555555556|  -3.1016045124
0.0492957746479|0.0555555555556| -3.07609838224
0.0492957746479|0.0555555555556| -3.06769435403
0.0492957746479|0.0555555555556| -3.07135788709
0.0492957746479|0.0555555555556| -3.10713478277
0.0492957746479|0.0555555555556| -3.12272470389
0.0492957746479|0.0555555555556| -3.12596410903
0.0492957746479|0.0555555555556| -3.13433085479
0.0492957746479|0.0555555555556| -3.15134088917
0.0492957746479|0.0555555555556| -3.14965964193
0.0492957746479|0.0555555555556| -3.14987612089
0.0492957746479|0.0555555555556| -3.15375545927
0.0492957746479|0.0555555555556| -3.16200381902
0.0492957746479|0.0555555555556| -3.16325253782
0.0492957746479|0.0555555555556| -3.17779561857
0.0492957746479|0.0555555555556| -3.20024825137
0.0492957746479|0.0555555555556| -3.25755643673
0.0492957746479|0.0555555555556| -3.27269185964
0.0492957746479|0.0555555555556| -3.28667870185
0.0492957746479|0.0277777777778| -3.35429372057
0.0492957746479|0.0555555555556| -3.37388978699
0.0492957746479|0.0277777777778| -3.38756854981
0.0492957746479|0.0277777777778|  -3.3950897469
0.0492957746479|0.0277777777778| -3.40214437755
0.0492957746479|0.0555555555556| -3.41401641756
0.0492957746479|0.0555555555556| -3.43997346769
0.0492957746479|0.0555555555556| -3.47441777549
0.0492957746479|0.0555555555556| -3.49768819717
0.0492957746479|0.0555555555556| -3.51610649286
0.0492957746479|0.0555555555556| -3.51658008245
0.0492957746479|0.0555555555556| -3.51373165917
0.0492957746479|0.0555555555556| -3.51194824502
0.0492957746479|0.0555555555556|  -3.5012233018
0.0492957746479|0.0555555555556| -3.50209145276
0.0492957746479|0.0555555555556| -3.50337857468
0.0492957746479|0.0555555555556|  -3.4839568863
0.0492957746479|0.0555555555556| -3.49740866148
0.0492957746479|0.0555555555556| -3.51985486167
0.0492957746479|0.0555555555556| -3.49040197039
0.0492957746479|0.0555555555556| -3.54022035419
0.0492957746479|0.0555555555556| -3.54995457535
0.0492957746479|0.0555555555556| -3.54483438662
0.0492957746479|0.0555555555556| -3.54447654942
0.0492957746479|0.0555555555556| -3.53976415855
0.0492957746479|0.0555555555556|  -3.5462751103
0.0492957746479|0.0555555555556| -3.52947304987
0.0492957746479|0.0555555555556| -3.56191771239
0.0492957746479|0.0555555555556|   -3.646529401
0.0492957746479|0.0555555555556| -3.65766422083
0.0492957746479|0.0555555555556| -3.66339447645
0.0492957746479|0.0555555555556| -3.66376462753
0.0492957746479|0.0555555555556| -3.65576366101
0.0492957746479|0.0555555555556| -3.65584706641
0.0492957746479|0.0555555555556| -3.65961945673
0.0492957746479|0.0555555555556| -3.66268244181
0.0492957746479|0.0555555555556| -3.67843339259
0.0492957746479|0.0555555555556| -3.67885202417
0.0492957746479|0.0555555555556| -3.68077876555
0.0492957746479|0.0555555555556| -3.68534283858
0.0492957746479|0.0555555555556| -3.69605652683
0.0492957746479|0.0555555555556|  -3.7066564106
0.0492957746479|0.0555555555556|   -3.727681472
0.0492957746479|0.0555555555556| -3.75115331254
0.0492957746479|0.0555555555556| -3.80661172759
0.0492957746479|0.0555555555556| -3.82561468557
0.0492957746479|0.0555555555556| -3.91678288744
0.0492957746479|0.0555555555556| -3.93265766434
0.0492957746479|0.0555555555556| -3.97853633254
0.0492957746479|0.0555555555556| -4.10040596549
0.0492957746479|0.0555555555556| -4.15034360815
0.0492957746479|0.0555555555556| -4.14792720732
0.0492957746479|0.0555555555556| -4.14292569099
0.0492957746479|0.0555555555556| -4.13461639324
0.0492957746479|0.0555555555556| -4.15648367936
0.0492957746479|0.0555555555556| -4.22644598928
0.0492957746479|0.0555555555556| -4.20849669492
0.0492957746479|0.0555555555556| -4.22080068364
0.0492957746479|0.0555555555556| -4.23407755852
0.0492957746479|0.0555555555556| -4.23256093923
0.0492957746479|0.0555555555556| -4.23500416918
0.0492957746479|0.0555555555556| -4.24335242084
0.0492957746479|0.0555555555556| -4.26013896562
0.0492957746479|0.0555555555556| -4.29043823335
0.0492957746479|0.0555555555556| -4.28074183779
0.0492957746479|0.0555555555556| -4.30268973787
0.0492957746479|0.0555555555556| -4.30450929108
0.0492957746479|0.0555555555556|  -4.2906410519
0.0492957746479|0.0555555555556| -4.27164859669
0.0492957746479|0.0555555555556| -4.27705640265
0.0492957746479|0.0555555555556|  -4.2549296394
0.0492957746479|0.0555555555556| -4.24234236398
0.0492957746479|0.0555555555556| -4.23440799523
0.0492957746479|0.0555555555556| -4.22616189118
0.0492957746479|0.0555555555556| -4.23655911651
0.0492957746479|0.0555555555556| -4.23683374533
0.0492957746479|0.0555555555556| -4.23936394094
0.0492957746479|0.0555555555556| -4.24044187627
0.0492957746479|0.0555555555556| -4.23902314996
0.0492957746479|0.0555555555556| -4.24308067379
0.0492957746479|0.0555555555556| -4.23600410685
0.0492957746479|0.0555555555556| -4.22990809813
0.0492957746479|0.0555555555556| -4.19548759443
0.0492957746479|0.0555555555556| -4.18675706591
0.0492957746479|0.0555555555556| -4.17958324284
0.0492957746479|0.0555555555556| -4.17284031525
0.0492957746479|0.0555555555556| -4.17761278581
0.0492957746479|0.0555555555556| -4.15604841748
0.0492957746479|0.0555555555556| -4.19457712143
0.0492957746479|0.0555555555556| -4.25058692514
0.0492957746479|0.0555555555556| -4.28001853685
0.0492957746479|0.0555555555556| -4.40628110676
0.0492957746479|0.0555555555556| -4.40082377074
0.0492957746479|0.0555555555556| -4.39228303496
0.0492957746479|0.0555555555556| -4.39990065981
0.0492957746479|0.0555555555556| -4.38779525246
0.0492957746479|0.0555555555556| -4.43328340962
0.0492957746479|0.0555555555556| -4.38925318962
0.0492957746479|0.0555555555556| -4.36510994916
0.0492957746479|0.0555555555556| -4.35872577158
0.0492957746479|0.0555555555556| -4.38882469595
0.0492957746479|0.0555555555556| -4.38095576195
0.0492957746479|0.0555555555556| -4.39133218186
0.0492957746479|0.0555555555556| -4.39380974249
0.0492957746479|0.0555555555556| -4.40383000042
0.0492957746479|0.0555555555556| -4.42656594827
0.0422535211268|0.0555555555556| -4.44097037753
0.0422535211268|0.0555555555556| -4.46505310672
0.0492957746479|0.0555555555556| -4.59509439131
0.0492957746479|0.0555555555556| -4.58552386943
0.0492957746479|0.0555555555556| -4.57677527034
0.0492957746479|0.0555555555556| -4.60809719338
0.0492957746479|0.0555555555556| -4.59731507189
0.0492957746479|0.0555555555556| -4.62122243107
0.0492957746479|0.0555555555556| -4.76182009742
0.0492957746479|0.0555555555556| -4.77473335199
0.0492957746479|0.0555555555556| -4.80808900342
0.0492957746479|0.0555555555556| -4.80479802441
0.0492957746479|0.0555555555556| -4.79508884648
0.0492957746479|0.0555555555556| -4.76230757233
0.0492957746479|0.0555555555556| -4.76005356392
0.0492957746479|0.0555555555556|  -4.7508580194
0.0492957746479|0.0555555555556| -4.73583606386
0.0492957746479|0.0555555555556| -4.74018145891
0.0492957746479|0.0555555555556| -4.74037717381
0.0492957746479|0.0555555555556| -4.75396112508
0.0492957746479|0.0555555555556| -4.78877589771
0.0492957746479|0.0555555555556| -4.79717052877
0.0492957746479|0.0555555555556| -4.79287456523
0.0492957746479|0.0555555555556| -4.76092964025
0.0492957746479|0.0555555555556| -4.75215109449
0.0492957746479|0.0555555555556| -4.74714250944
0.0492957746479|0.0555555555556| -4.75612191605
0.0492957746479|0.0555555555556| -4.76568058701
0.0492957746479|0.0555555555556| -4.80542905635
0.0492957746479|0.0555555555556| -4.81151819434
0.0492957746479|0.0555555555556| -4.83154085973
0.0492957746479|0.0555555555556| -5.02269798126
0.0492957746479|0.0555555555556| -5.05895623302
0.0492957746479|0.0555555555556| -5.15084743903
0.0492957746479|0.0555555555556|  -5.3708950208
0.0492957746479|0.0555555555556|  -5.3717205644
0.0492957746479|0.0555555555556| -5.37190704836
0.0492957746479|0.0555555555556| -5.37321000428
0.0492957746479|0.0555555555556| -5.37527948878
0.0492957746479|0.0555555555556| -5.39535504662
0.0492957746479|0.0555555555556|   -5.406380778
0.0492957746479|0.0555555555556| -5.42794605358
0.0492957746479|0.0555555555556| -5.45808572519
0.0492957746479|0.0555555555556| -5.46986012786
0.0492957746479|0.0555555555556| -5.49622684976
0.0492957746479|0.0555555555556|  -5.5001455831
0.0492957746479|0.0555555555556| -5.49731531272
0.0492957746479|0.0555555555556| -5.49120782755
0.0492957746479|0.0555555555556| -5.45210690283
0.0492957746479|0.0555555555556|  -5.4395040921
0.0492957746479|0.0555555555556| -5.44025653943
0.0492957746479|0.0555555555556| -5.44522118657
0.0492957746479|0.0555555555556| -5.45409604262
0.0492957746479|0.0555555555556|   -5.481099866
0.0492957746479|0.0555555555556| -5.54085363556
0.0492957746479|0.0555555555556| -5.54366262696
0.0492957746479|0.0555555555556| -5.62523664565
0.0492957746479|0.0555555555556| -5.70926738219
0.0492957746479|0.0555555555556| -5.71724993289
0.0492957746479|0.0555555555556| -5.71048399217
0.0492957746479|0.0555555555556| -5.70975190574
0.0492957746479|0.0555555555556| -5.71062943041
0.0492957746479|0.0555555555556| -5.76460242494
0.0492957746479|0.0555555555556| -5.79178319827
0.0492957746479|0.0555555555556| -5.85928094073
0.0492957746479|0.0555555555556| -5.87188597596
0.0492957746479|0.0555555555556| -5.88210731371
0.0492957746479|0.0555555555556| -5.89430169402
0.0492957746479|0.0555555555556| -5.91991688829
0.0492957746479|0.0555555555556| -5.96786948028
0.0492957746479|0.0555555555556| -6.00936693137
0.0492957746479|0.0555555555556| -6.01740219178
0.0422535211268|0.0555555555556| -6.01513704241
0.0422535211268|0.0555555555556| -5.99708192968
0.0492957746479|0.0555555555556| -5.99810464247
0.0422535211268|0.0555555555556| -5.99807547876
0.0422535211268|0.0555555555556| -5.99664517799
0.0422535211268|0.0555555555556|  -5.9938496149
0.0422535211268|0.0555555555556| -5.99198390681
0.0492957746479|0.0555555555556| -5.99047306882
0.0422535211268|0.0555555555556| -5.99535504145
0.0492957746479|0.0555555555556| -6.00024760288
0.0492957746479|0.0555555555556| -6.01526425467
0.0492957746479|0.0555555555556| -6.03181343335
0.0492957746479|0.0555555555556| -6.04439774329
0.0492957746479|0.0555555555556| -6.05059130218
0.0492957746479|0.0555555555556| -6.06157212283
0.0492957746479|0.0555555555556| -6.07186014745
0.0492957746479|0.0555555555556| -6.08262131673
0.0492957746479|0.0555555555556| -6.09243108422
0.0422535211268|0.0555555555556|   -6.123735682
0.0422535211268|0.0555555555556| -6.16408602044
0.0422535211268|0.0555555555556| -6.20563951702
0.0492957746479|0.0555555555556|  -6.2142256199
0.0492957746479|0.0555555555556| -6.22061456412
0.0492957746479|0.0555555555556| -6.22120987867
0.0492957746479|0.0555555555556| -6.22490942955
0.0492957746479|0.0555555555556| -6.22458433111
0.0492957746479|0.0555555555556| -6.22455052949
0.0492957746479|0.0555555555556| -6.22899552836
0.0492957746479|0.0555555555556| -6.21797288416
0.0492957746479|0.0555555555556| -6.21188981346
0.0492957746479|0.0555555555556| -6.18608269653
0.0492957746479|0.0555555555556| -6.17864686417
0.0492957746479|0.0555555555556| -6.14533257491
0.0492957746479|0.0555555555556| -6.12986649261
0.0492957746479|0.0555555555556| -6.12130664739
0.0492957746479|0.0555555555556| -6.12202065642
0.0492957746479|0.0555555555556| -6.11446460585
0.0492957746479|0.0555555555556| -6.07520174723
0.0492957746479|0.0555555555556| -6.05801190381
0.0492957746479|0.0555555555556| -6.03605446182
0.0492957746479|0.0555555555556| -6.05206307449
0.0492957746479|0.0555555555556| -6.10477099046
0.0492957746479|0.0555555555556| -6.11795506506
0.0492957746479|0.0555555555556| -6.15997858276
0.0492957746479|0.0555555555556| -6.17274324269
0.0492957746479|0.0555555555556| -6.20302266793
0.0492957746479|0.0555555555556| -6.22761563276
0.0492957746479|0.0555555555556| -6.23460841838
0.0492957746479|0.0555555555556| -6.24616449108
0.0492957746479|0.0555555555556|  -6.2822920384
0.0492957746479|0.0555555555556| -6.33647744899
0.0492957746479|0.0555555555556| -6.36697998718
0.0492957746479|0.0555555555556| -6.36993662914
0.0492957746479|0.0555555555556| -6.37888289324
0.0492957746479|0.0555555555556| -6.38143919236
0.0492957746479|0.0555555555556|  -6.3823275478
0.0492957746479|0.0555555555556| -6.39023491057
0.0492957746479|0.0555555555556|  -6.3930736989
0.0492957746479|0.0555555555556|  -6.3977005474
0.0492957746479|0.0555555555556| -6.39954801379
0.0492957746479|0.0555555555556| -6.39980826621
0.0492957746479|0.0555555555556|  -6.3945549063
0.0492957746479|0.0555555555556| -6.38221276651
0.0492957746479|0.0555555555556| -6.36578852966
0.0492957746479|0.0555555555556|   -6.343658895
0.0492957746479|0.0555555555556| -6.33920007919
0.0492957746479|0.0555555555556| -6.32227092363
0.0492957746479|0.0555555555556| -6.32672545594
0.0492957746479|0.0555555555556| -6.35543836795
0.0492957746479|0.0555555555556| -6.37742484411
0.0492957746479|0.0555555555556|  -6.3782636481
0.0492957746479|0.0555555555556| -6.38655842582
0.0492957746479|0.0555555555556| -6.38132670318
0.0492957746479|0.0555555555556| -6.37906773083
0.0492957746479|0.0555555555556| -6.37931124908
0.0492957746479|0.0555555555556|  -6.3805619833
0.0492957746479|0.0555555555556|    -6.38328819
0.0492957746479|0.0555555555556| -6.39266637301
0.0492957746479|0.0555555555556| -6.40204818621
0.0492957746479|0.0555555555556| -6.43183693783
0.0492957746479|0.0555555555556| -6.44421134843
0.0492957746479|0.0555555555556| -6.44460124153
0.0492957746479|0.0555555555556| -6.44159949585
0.0492957746479|0.0555555555556| -6.43733103221
0.0492957746479|0.0555555555556| -6.43613870225
0.0492957746479|0.0555555555556| -6.43167822865
0.0492957746479|0.0555555555556| -6.42858661736
0.0492957746479|0.0555555555556| -6.43035299751
0.0492957746479|0.0555555555556| -6.43167885704
0.0492957746479|0.0555555555556| -6.43504825836
0.0492957746479|0.0555555555556| -6.43386519381
0.0492957746479|0.0555555555556| -6.43054826898
0.0492957746479|0.0555555555556| -6.42701200843
0.0492957746479|0.0555555555556| -6.42740638906
0.0492957746479|0.0555555555556| -6.42663204997
0.0492957746479|0.0555555555556| -6.43072828366
0.0492957746479|0.0555555555556|  -6.4369827487
0.0492957746479|0.0555555555556| -6.45139596528
0.0492957746479|0.0555555555556| -6.45504877555
0.0492957746479|0.0555555555556| -6.46043517305
0.0492957746479|0.0555555555556| -6.46157638783
0.0492957746479|0.0555555555556|  -6.4607239609
0.0492957746479|0.0555555555556| -6.46052847198
0.0492957746479|0.0555555555556| -6.45828365624
0.0492957746479|0.0555555555556| -6.45853536403
0.0492957746479|0.0555555555556| -6.46025919793
0.0492957746479|0.0555555555556| -6.46284576233
0.0492957746479|0.0555555555556| -6.46616852746
0.0492957746479|0.0555555555556| -6.47724909154
0.0492957746479|0.0555555555556|  -6.4804381701
0.0492957746479|0.0555555555556|  -6.4957443696
0.0492957746479|0.0555555555556| -6.50653196708
0.0492957746479|0.0555555555556| -6.51149074202
0.0492957746479|0.0555555555556|  -6.5115249878
0.0492957746479|0.0555555555556| -6.51149040555
0.0492957746479|0.0555555555556| -6.51004792946
0.0492957746479|0.0555555555556| -6.51110041843
0.0492957746479|0.0555555555556| -6.53022999689
0.0492957746479|0.0555555555556| -6.52648206306
0.0492957746479|0.0555555555556| -6.52803637322
0.0492957746479|0.0555555555556| -6.52863824635
0.0492957746479|0.0555555555556| -6.53146113887
0.0492957746479|0.0555555555556| -6.54218948728
0.0492957746479|0.0555555555556| -6.55151981243
0.0492957746479|0.0555555555556| -6.56896994861
0.0492957746479|0.0555555555556| -6.57863948432
0.0492957746479|0.0555555555556| -6.59455176445
0.0492957746479|0.0555555555556| -6.60415665276
0.0492957746479|0.0555555555556| -6.60643692383
0.0492957746479|0.0555555555556| -6.60685726334
0.0492957746479|0.0555555555556| -6.60364756065
0.0492957746479|0.0555555555556| -6.60115820278
0.0492957746479|0.0555555555556| -6.59898754155
0.0492957746479|0.0555555555556| -6.59491521295
0.0492957746479|0.0555555555556| -6.59685083015
0.0492957746479|0.0555555555556| -6.59809894331
0.0492957746479|0.0555555555556| -6.59790281377
0.0492957746479|0.0555555555556| -6.59529370447
0.0492957746479|0.0555555555556| -6.60555739424
0.0492957746479|0.0555555555556|  -6.5921589465
0.0492957746479|0.0555555555556| -6.59248284429
0.0492957746479|0.0555555555556| -6.60052841183
0.0492957746479|0.0555555555556| -6.61145910363
0.0492957746479|0.0555555555556| -6.61549244295
0.0492957746479|0.0555555555556| -6.61427891531
0.0492957746479|0.0555555555556| -6.61419846052
0.0492957746479|0.0555555555556| -6.61516137124
0.0492957746479|0.0555555555556| -6.61722329481
0.0492957746479|0.0555555555556| -6.62132069477
0.0492957746479|0.0555555555556| -6.63983875813
0.0492957746479|0.0555555555556| -6.64499424428
0.0492957746479|0.0555555555556| -6.66263003897
0.0492957746479|0.0555555555556| -6.65859582227
0.0492957746479|0.0555555555556| -6.66727765671
0.0492957746479|0.0555555555556| -6.70695443125
0.0492957746479|0.0555555555556| -6.70060226435
0.0492957746479|0.0555555555556| -6.69860428462
0.0492957746479|0.0555555555556| -6.70217922564
0.0492957746479|0.0555555555556| -6.70524354151
0.0492957746479|0.0555555555556| -6.71083213014
0.0492957746479|0.0555555555556| -6.71425506339
0.0492957746479|0.0555555555556| -6.73124117268
0.0492957746479|0.0555555555556|  -6.7305184255
0.0492957746479|0.0555555555556|   -6.721034215
0.0492957746479|0.0555555555556| -6.71289807996
0.0492957746479|0.0555555555556| -6.71313162162
0.0492957746479|0.0555555555556| -6.71361489531
0.0492957746479|0.0555555555556| -6.71350291262
0.0492957746479|0.0555555555556| -6.71470937096
0.0492957746479|0.0555555555556| -6.71614531783
0.0492957746479|0.0555555555556| -6.71609552951
0.0492957746479|0.0555555555556| -6.70870603923
0.0492957746479|0.0555555555556| -6.71540663191
0.0492957746479|0.0555555555556| -6.71398930807
0.0492957746479|0.0555555555556| -6.71440385239
0.0492957746479|0.0555555555556| -6.71967645063
0.0492957746479|0.0555555555556| -6.72892760362
0.0492957746479|0.0555555555556| -6.76813538254
0.0492957746479|0.0555555555556| -6.81801192811
0.0492957746479|0.0555555555556| -6.82143450375
0.0492957746479|0.0555555555556| -6.87879128568
0.0492957746479|0.0555555555556|   -6.898707374
0.0492957746479|0.0555555555556| -6.89890035681
0.0492957746479|0.0555555555556| -6.89716243958
0.0492957746479|0.0555555555556| -6.89652085683
0.0492957746479|0.0555555555556| -6.89643732454
0.0492957746479|0.0555555555556| -6.89824662809
0.0492957746479|0.0555555555556| -6.90481826486
0.0492957746479|0.0555555555556| -6.89786557145
0.0492957746479|0.0555555555556| -6.91449917629
0.0492957746479|0.0555555555556| -6.91934425004
0.0492957746479|0.0555555555556| -6.93631067525
0.0492957746479|0.0555555555556| -6.95734511068
0.0492957746479|0.0555555555556| -6.98049513869
0.0492957746479|0.0555555555556|  -7.0023713022
0.0492957746479|0.0555555555556| -6.99908987527
0.0492957746479|0.0555555555556| -6.99569814319
0.0492957746479|0.0555555555556| -6.98865958556
0.0492957746479|0.0555555555556| -6.98992883547
0.0492957746479|0.0555555555556|  -7.0070480119
0.0492957746479|0.0555555555556| -7.02057062923
0.0492957746479|0.0555555555556| -7.03329492486
0.0492957746479|0.0555555555556| -7.04470579602
0.0492957746479|0.0555555555556| -7.05593244182
0.0492957746479|0.0555555555556|   -7.086081958
0.0492957746479|0.0555555555556| -7.10366825682
0.0492957746479|0.0555555555556| -7.13886389634
0.0492957746479|0.0555555555556| -7.15818754326
0.0492957746479|0.0555555555556|  -7.2858456878
0.0492957746479|0.0555555555556| -7.31169003191
0.0492957746479|0.0555555555556| -7.36666459563
0.0492957746479|0.0555555555556| -7.34330603481
0.0492957746479|0.0555555555556| -7.32354946428
0.0492957746479|0.0555555555556| -7.32082624817
0.0492957746479|0.0555555555556| -7.32716301889
0.0492957746479|0.0555555555556| -7.33767534508
0.0492957746479|0.0555555555556| -7.35639144934
0.0492957746479|0.0555555555556| -7.36601344995
0.0492957746479|0.0555555555556| -7.36963580121
0.0492957746479|0.0555555555556| -7.36398593379
0.0492957746479|0.0555555555556| -7.36177484582
0.0492957746479|0.0555555555556| -7.36914818429
0.0492957746479|0.0555555555556| -7.36918909648
0.0492957746479|0.0555555555556| -7.37805809219
0.0492957746479|0.0555555555556|  -7.3845361599
0.0492957746479|0.0555555555556| -7.40265368144
0.0492957746479|0.0555555555556| -7.46537396114
0.0492957746479|0.0555555555556| -7.58330624001
0.0492957746479|0.0555555555556| -7.73786109956
0.0492957746479|0.0555555555556| -7.75166097571
0.0492957746479|0.0555555555556| -7.84937995552
0.0492957746479|0.0555555555556| -7.86691518209
0.0492957746479|0.0555555555556| -7.84142333652
0.0492957746479|0.0555555555556| -7.81912696034
0.0492957746479|0.0555555555556| -7.81577560971
0.0492957746479|0.0555555555556| -7.77799605096
0.0492957746479|0.0555555555556| -7.76991730183
0.0492957746479|0.0555555555556| -7.77575811996
0.0492957746479|0.0555555555556| -7.78385881426
0.0492957746479|0.0555555555556| -7.80138467135
0.0492957746479|0.0555555555556|  -7.8048694241
0.0492957746479|0.0555555555556| -7.81838184787
0.0492957746479|0.0555555555556|  -7.8139258278
0.0492957746479|0.0555555555556| -7.81030848924
0.0492957746479|0.0555555555556| -7.79910860424
0.0492957746479|0.0555555555556| -7.78376600496
0.0492957746479|0.0555555555556| -7.75410461888
0.0492957746479|0.0555555555556| -7.72651776388
0.0492957746479|0.0555555555556| -7.71166011093
0.0492957746479|0.0555555555556|  -7.6998231723
0.0492957746479|0.0555555555556| -7.70525281748
0.0492957746479|0.0555555555556| -7.71133542486
0.0492957746479|0.0555555555556| -7.72754425976
0.0492957746479|0.0555555555556| -7.71223505197
0.0492957746479|0.0555555555556| -7.74280202135
0.0492957746479|0.0555555555556| -7.73791893873
0.0492957746479|0.0555555555556| -7.73845299477
0.0492957746479|0.0555555555556|  -7.7459549057
0.0492957746479|0.0555555555556| -7.75733219376
0.0492957746479|0.0555555555556| -7.79308735952
0.0492957746479|0.0555555555556| -7.81659549385
0.0492957746479|0.0555555555556| -7.82184091377
0.0492957746479|0.0555555555556| -7.82686131018
0.0492957746479|0.0555555555556| -7.83223599969
0.0492957746479|0.0555555555556| -7.83899437211
0.0492957746479|0.0555555555556| -7.84787987346
0.0492957746479|0.0555555555556| -7.82948569766
0.0492957746479|0.0555555555556| -7.84862072549
0.0492957746479|0.0555555555556| -7.83759704801
0.0492957746479|0.0555555555556| -7.83140936782
0.0492957746479|0.0555555555556| -7.83336301785
0.0492957746479|0.0555555555556| -7.85057703611
0.0492957746479|0.0555555555556| -7.85253647084
0.0492957746479|0.0555555555556| -7.87517092234
0.0492957746479|0.0555555555556| -7.90101474646
0.0492957746479|0.0555555555556| -7.91504411901
0.0492957746479|0.0555555555556|  -7.9176418161
0.0492957746479|0.0555555555556| -7.92533440205
0.0492957746479|0.0555555555556| -7.92792370961
0.0492957746479|0.0555555555556| -7.91825340943
0.0492957746479|0.0555555555556| -7.92974929937
0.0492957746479|0.0555555555556| -7.96635249933
0.0492957746479|0.0555555555556| -8.05494543237
0.0492957746479|0.0555555555556|  -8.1203107774
0.0492957746479|0.0555555555556|  -8.1620713797
0.0492957746479|0.0555555555556| -8.15263064981
0.0492957746479|0.0555555555556| -8.15513915751
0.0492957746479|0.0555555555556| -8.15961412865
0.0492957746479|0.0555555555556| -8.16559551662
0.0492957746479|0.0555555555556| -8.17533362424
0.0492957746479|0.0555555555556| -8.18866968654
0.0492957746479|0.0555555555556| -8.19953442307
0.0492957746479|0.0555555555556| -8.21971228235
0.0492957746479|0.0555555555556| -8.22781875094
0.0492957746479|0.0555555555556| -8.23080009665
0.0492957746479|0.0555555555556| -8.22212437041
0.0492957746479|0.0555555555556| -8.22329343903
0.0492957746479|0.0555555555556| -8.22405936351
0.0492957746479|0.0555555555556| -8.23640396373
0.0492957746479|0.0555555555556| -8.30414248996
0.0492957746479|0.0555555555556| -8.31505882688
0.0492957746479|0.0555555555556| -8.37479918471
0.0492957746479|0.0555555555556| -8.40401275745
0.0492957746479|0.0555555555556| -8.41316806254
0.0492957746479|0.0555555555556| -8.41143497621
0.0492957746479|0.0555555555556| -8.41299366933
0.0492957746479|0.0555555555556| -8.39849462074
0.0492957746479|0.0555555555556| -8.39432739016
0.0492957746479|0.0555555555556| -8.37840899548
0.0492957746479|0.0555555555556| -8.36372558808
0.0492957746479|0.0555555555556|  -8.3590683311
0.0492957746479|0.0555555555556| -8.37693861798
0.0492957746479|0.0555555555556| -8.40488859936
0.0492957746479|0.0555555555556| -8.41063352028
0.0492957746479|0.0555555555556| -8.41926248855
0.0492957746479|0.0555555555556| -8.42729996669
0.0492957746479|0.0555555555556| -8.43360459372
0.0492957746479|0.0555555555556| -8.43232467617
0.0492957746479|0.0555555555556| -8.43129081951
0.0492957746479|0.0555555555556| -8.42293201598
0.0492957746479|0.0555555555556|  -8.4194689146
0.0492957746479|0.0555555555556| -8.41803283983
0.0492957746479|0.0555555555556| -8.41516252631
0.0492957746479|0.0555555555556| -8.39319482937
0.0492957746479|0.0555555555556| -8.33580737819
0.0492957746479|0.0555555555556| -8.34170483761
0.0492957746479|0.0555555555556| -8.35279828649
0.0492957746479|0.0555555555556| -8.35340424672
0.0492957746479|0.0555555555556| -8.35341455373
0.0492957746479|0.0555555555556| -8.35433486575
0.0492957746479|0.0555555555556| -8.35726470927
0.0492957746479|0.0555555555556| -8.36501158429
0.0492957746479|0.0555555555556| -8.36494322863
0.0492957746479|0.0555555555556| -8.36840480694
0.0492957746479|0.0555555555556| -8.37564568112
0.0492957746479|0.0555555555556| -8.38988269018
0.0492957746479|0.0555555555556| -8.41583014479
0.0492957746479|0.0555555555556| -8.46348369059
0.0492957746479|0.0555555555556| -8.48881763348
0.0492957746479|0.0555555555556| -8.54941296677
0.0492957746479|0.0555555555556| -8.55565540513
0.0492957746479|0.0555555555556| -8.56456770671
0.0492957746479|0.0555555555556| -8.57249701933
0.0492957746479|0.0555555555556| -8.56250137594
0.0492957746479|0.0555555555556| -8.54530270592
0.0492957746479|0.0555555555556| -8.53787436763
0.0492957746479|0.0555555555556| -8.53733294972
0.0492957746479|0.0555555555556| -8.54097750462
0.0492957746479|0.0555555555556| -8.54929484617
0.0492957746479|0.0555555555556| -8.56170673682
0.0492957746479|0.0555555555556| -8.58459213326
0.0492957746479|0.0555555555556| -8.61996675208
0.0492957746479|0.0555555555556| -8.62979614783
0.0492957746479|0.0555555555556| -8.62995879303
0.0492957746479|0.0555555555556| -8.62700125239
0.0492957746479|0.0555555555556| -8.63023701732
0.0492957746479|0.0555555555556|  -8.6353372729
0.0492957746479|0.0555555555556| -8.65098767844
0.0492957746479|0.0555555555556| -8.68780259349
0.0492957746479|0.0555555555556| -8.70166687733
0.0492957746479|0.0555555555556| -8.73049412177
0.0492957746479|0.0555555555556| -8.75726259489
0.0492957746479|0.0555555555556| -8.82574213612
0.0492957746479|0.0555555555556| -8.87300636141
0.0492957746479|0.0555555555556| -8.91704718767
0.0492957746479|0.0555555555556| -8.94688093798
0.0492957746479|0.0555555555556| -8.93822483149
0.0492957746479|0.0555555555556| -8.93169141379
0.0492957746479|0.0555555555556| -8.92924675814
0.0492957746479|0.0555555555556| -8.92110837814
0.0492957746479|0.0555555555556| -8.91088603692
0.0492957746479|0.0555555555556| -8.88936880387
0.0492957746479|0.0555555555556| -8.85938522418
0.0492957746479|0.0555555555556| -8.83435440199
0.0492957746479|0.0555555555556| -8.82929588807
0.0492957746479|0.0555555555556| -8.84678554442
0.0492957746479|0.0555555555556| -8.85098373542
0.0492957746479|0.0555555555556| -8.85147188779
0.0492957746479|0.0555555555556| -8.85047699603
0.0492957746479|0.0555555555556| -8.84350215038
0.0492957746479|0.0555555555556| -8.83561039551
0.0492957746479|0.0555555555556| -8.82531689789
0.0492957746479|0.0555555555556|  -8.8221456173
0.0492957746479|0.0555555555556| -8.82137136049
0.0492957746479|0.0555555555556| -8.82236719006
0.0492957746479|0.0555555555556| -8.82586023312
0.0492957746479|0.0555555555556| -8.83198129882
0.0492957746479|0.0555555555556| -8.84495060708
0.0492957746479|0.0555555555556| -8.87136446047
0.0492957746479|0.0555555555556| -8.88930034098
0.0492957746479|0.0555555555556|  -8.9390111381
0.0492957746479|0.0555555555556| -8.96984148773
0.0492957746479|0.0555555555556| -8.99583509691
0.0492957746479|0.0555555555556| -9.02238969816
0.0492957746479|0.0555555555556| -9.02947813837
0.0492957746479|0.0555555555556| -9.01150750222
0.0492957746479|0.0555555555556| -8.96511363687
0.0492957746479|0.0555555555556| -8.95542558837
0.0492957746479|0.0555555555556| -8.96413616898
0.0492957746479|0.0555555555556| -8.99645716398
0.0492957746479|0.0555555555556| -9.01507972126
0.0492957746479|0.0555555555556| -9.01550443081
0.0492957746479|0.0555555555556| -9.02470386469
0.0492957746479|0.0555555555556| -9.01995933844
0.0492957746479|0.0555555555556| -9.01787896229
0.0492957746479|0.0555555555556| -9.01385810552
0.0492957746479|0.0555555555556| -9.00951676681
0.0492957746479|0.0555555555556| -9.00539522264
0.0492957746479|0.0555555555556| -9.00376698019
0.0492957746479|0.0555555555556| -9.00639478131
0.0492957746479|0.0555555555556|  -9.0124883391
0.0492957746479|0.0555555555556| -9.01691239606
0.0492957746479|0.0555555555556| -9.02422478428
0.0492957746479|0.0555555555556| -9.02575410896
0.0492957746479|0.0555555555556| -9.02590674974
0.0492957746479|0.0555555555556| -9.02543871021
0.0492957746479|0.0555555555556|  -9.0250009056
0.0492957746479|0.0555555555556| -9.02490782492
0.0492957746479|0.0555555555556| -9.02579230137
0.0492957746479|0.0555555555556| -9.02763814496
0.0492957746479|0.0555555555556| -9.03601134844
0.0492957746479|0.0555555555556| -9.02314482776
0.0492957746479|0.0555555555556| -9.01585072525
0.0492957746479|0.0555555555556| -9.01776642777
0.0492957746479|0.0555555555556| -9.01926785817
0.0492957746479|0.0555555555556| -9.02177010199
0.0492957746479|0.0555555555556| -9.02221438332
0.0492957746479|0.0555555555556| -9.02606373105
0.0492957746479|0.0555555555556| -9.01736447048
0.0492957746479|0.0555555555556| -9.01575891816
0.0492957746479|0.0555555555556| -9.01139487184
0.0492957746479|0.0555555555556| -9.00869839566
0.0492957746479|0.0555555555556| -9.00841733962
0.0492957746479|0.0555555555556| -9.00703665798
0.0492957746479|0.0555555555556| -8.99727722128
0.0492957746479|0.0555555555556| -8.99798991871
0.0492957746479|0.0555555555556| -8.99822538924
0.0492957746479|0.0555555555556|  -8.9989689769
0.0492957746479|0.0555555555556|  -9.0005485469
0.0492957746479|0.0555555555556| -9.00349147137
0.0492957746479|0.0555555555556| -9.02453590973
0.0492957746479|0.0555555555556| -9.04020143364
0.0492957746479|0.0555555555556| -9.06619759159
0.0492957746479|0.0555555555556| -9.10423794719
0.0492957746479|0.0555555555556| -9.11916190809
0.0492957746479|0.0555555555556| -9.11617874885
0.0492957746479|0.0555555555556| -9.11415659005
0.0492957746479|0.0555555555556| -9.10557322243
0.0492957746479|0.0555555555556| -9.09827757444
0.0492957746479|0.0555555555556| -9.08836100028
0.0492957746479|0.0555555555556| -9.07569788961
0.0492957746479|0.0555555555556| -9.07839351663
0.0492957746479|0.0555555555556| -9.08728718282
0.0492957746479|0.0555555555556| -9.10005999795
0.0492957746479|0.0555555555556| -9.10680177576
0.0492957746479|0.0555555555556| -9.10666578465
0.0492957746479|0.0555555555556| -9.10433451017
0.0492957746479|0.0555555555556| -9.10374167755
0.0492957746479|0.0555555555556| -9.10025104623
0.0492957746479|0.0555555555556| -9.09601352035
0.0492957746479|0.0555555555556| -9.09535508169
0.0492957746479|0.0555555555556| -9.09591677729
0.0492957746479|0.0555555555556|  -9.0970529727
0.0492957746479|0.0555555555556| -9.09689151226
0.0492957746479|0.0555555555556| -9.09408957714
0.0492957746479|0.0555555555556| -9.09015663292
0.0492957746479|0.0555555555556| -9.08716122341
0.0492957746479|0.0555555555556| -9.08650667653
0.0492957746479|0.0555555555556| -9.08540969274
0.0492957746479|0.0555555555556| -9.08492934449
0.0492957746479|0.0555555555556| -9.08491848333
0.0492957746479|0.0555555555556| -9.08694287577
0.0492957746479|0.0555555555556| -9.09362164019
0.0492957746479|0.0555555555556| -9.09460752643
0.0492957746479|0.0555555555556| -9.10291447433
0.0492957746479|0.0555555555556| -9.10807502585
0.0492957746479|0.0555555555556| -9.10858385866
0.0492957746479|0.0555555555556|  -9.1088445707
0.0492957746479|0.0555555555556| -9.10768707006
0.0492957746479|0.0555555555556| -9.10802288709
0.0492957746479|0.0555555555556| -9.11222499378
0.0492957746479|0.0555555555556| -9.12211734016
0.0492957746479|0.0555555555556| -9.11387714623
0.0492957746479|0.0555555555556| -9.12617441733
0.0492957746479|0.0555555555556| -9.12793750243
0.0492957746479|0.0555555555556| -9.12950116533
0.0492957746479|0.0555555555556| -9.12660499359
0.0492957746479|0.0555555555556| -9.12538052574
0.0492957746479|0.0555555555556| -9.12694073264
0.0492957746479|0.0555555555556| -9.13150737794
0.0492957746479|0.0555555555556| -9.13080679723
0.0492957746479|0.0555555555556| -9.14321728303
0.0492957746479|0.0555555555556| -9.14849260309
0.0492957746479|0.0555555555556| -9.16392607266
0.0492957746479|0.0555555555556| -9.17036023495
0.0492957746479|0.0555555555556| -9.19307237093
0.0492957746479|0.0555555555556| -9.19219967333
0.0492957746479|0.0555555555556| -9.19469956517
0.0492957746479|0.0555555555556| -9.19287566572
0.0492957746479|0.0555555555556|  -9.1926087792
0.0492957746479|0.0555555555556| -9.19239163623
0.0492957746479|0.0555555555556| -9.19062423543
0.0492957746479|0.0555555555556| -9.19171098331
0.0492957746479|0.0555555555556| -9.19592909226
0.0492957746479|0.0555555555556| -9.20767092369
0.0492957746479|0.0555555555556| -9.21700317375
0.0492957746479|0.0555555555556| -9.22118504454
0.0492957746479|0.0555555555556| -9.22351791388
0.0492957746479|0.0555555555556|  -9.2221134156
0.0492957746479|0.0555555555556| -9.22219878305
0.0492957746479|0.0555555555556| -9.22236412984
0.0492957746479|0.0555555555556| -9.22342029362
0.0492957746479|0.0555555555556| -9.22497651066
0.0492957746479|0.0555555555556| -9.22801487506
0.0492957746479|0.0555555555556|  -9.2287112085
0.0492957746479|0.0555555555556| -9.23016110169
0.0492957746479|0.0555555555556| -9.23198000942
0.0492957746479|0.0555555555556| -9.23670933444
0.0492957746479|0.0555555555556| -9.24343615206
0.0492957746479|0.0555555555556| -9.25148630803
0.0492957746479|0.0555555555556| -9.25805673972
0.0492957746479|0.0555555555556| -9.26895118052
0.0492957746479|0.0555555555556| -9.27220433357
0.0492957746479|0.0555555555556| -9.27283952104
0.0492957746479|0.0555555555556|  -9.2703830396
0.0492957746479|0.0555555555556| -9.27106218552
0.0492957746479|0.0555555555556| -9.27320583206
0.0492957746479|0.0555555555556| -9.27781565028
0.0492957746479|0.0555555555556| -9.28418369747
0.0492957746479|0.0555555555556| -9.28431880561
0.0492957746479|0.0555555555556|  -9.2945795358
0.0492957746479|0.0555555555556| -9.29730387151
0.0492957746479|0.0555555555556| -9.30054215635
0.0492957746479|0.0555555555556| -9.30128209485
0.0492957746479|0.0555555555556|  -9.3016227436
0.0492957746479|0.0555555555556| -9.31137260771
0.0492957746479|0.0555555555556| -9.31360925864
0.0492957746479|0.0555555555556| -9.32100092241
0.0492957746479|0.0555555555556| -9.31906702551
0.0492957746479|0.0555555555556| -9.31968660524
0.0492957746479|0.0555555555556| -9.32261691509
0.0492957746479|0.0555555555556| -9.33835720698
0.0492957746479|0.0555555555556| -9.35623251433
0.0492957746479|0.0555555555556| -9.34326759643
0.0492957746479|0.0555555555556| -9.37655736911
0.0492957746479|0.0555555555556|  -9.3772755241
0.0492957746479|0.0555555555556|  -9.3710654768
0.0492957746479|0.0555555555556| -9.36820875902
0.0492957746479|0.0555555555556| -9.36866878748
0.0492957746479|0.0555555555556| -9.37270681618
0.0492957746479|0.0555555555556| -9.37895856814
0.0492957746479|0.0555555555556| -9.38310780463
0.0492957746479|0.0555555555556| -9.39432420075
0.0492957746479|0.0555555555556| -9.40308495383
0.0492957746479|0.0555555555556| -9.42424313556
0.0492957746479|0.0555555555556| -9.50663478381
0.0492957746479|0.0555555555556| -9.49993629879
0.0492957746479|0.0555555555556| -9.50044868139
0.0492957746479|0.0555555555556| -9.49626593818
0.0492957746479|0.0555555555556| -9.49797334479
0.0492957746479|0.0555555555556| -9.49639737325
0.0492957746479|0.0555555555556| -9.49618531619
0.0492957746479|0.0555555555556|  -9.4970375419
0.0492957746479|0.0555555555556| -9.49694086394
0.0492957746479|0.0555555555556| -9.50015309417
0.0492957746479|0.0555555555556| -9.49776953539
0.0492957746479|0.0555555555556|  -9.4993397721
0.0492957746479|0.0555555555556| -9.49243163534
